    X    ;0,0,0,0,0,0,0,0,0
O   X X  ;0,0,2,0,0,0,0,0,1
         ;0,0,0,0,126,0,0,0,1
O   X    ;0,1,1,1,0,1,1,0,1
O   X XO ;0,0,1,1,0,1,0,0,1
 O  X    ;1,0,1,1,0,1,0,1,1
 OX X O  ;1,0,0,0,0,1,0,1,1
XOXOX O  ;0,0,0,0,0,0,0,1,1
    XO   ;1,1,0,1,0,0,1,1,1
  O XO  X;0,1,0,1,0,0,1,1,0
OXO XO  X;0,0,0,1,0,0,0,1,0
    O X  ;0,0,0,20,0,0,0,0,0
   OOXX  ;0,0,0,0,0,0,0,20,1
   OOXXOX;1,7,1,0,0,0,0,0,0
   XX  O ;1,1,1,0,0,1,0,0,1
    O   X;0,0,0,1,0,0,21,1,0
  O O X X;1,1,0,1,0,0,0,1,0
    OXO X;4,1,1,1,0,0,0,1,0
O  XOXO X;0,1,4,0,0,0,0,1,0
    X O X;1,0,1,1,0,1,0,1,0
 OX X O X;0,0,0,0,0,1,0,1,0
    O  X ;0,0,0,27,0,0,51,0,1
   OOX X ;25,0,0,0,0,0,5,0,1
OX OOX X ;0,0,1,0,0,0,7,0,1
   OX X  ;0,0,0,0,0,0,0,0,0
       X ;1,1,0,0,0,2,0,0,1
  O  X X ;1,1,0,1,0,0,4,0,1
  O OX XX;0,1,0,1,0,0,1,0,0
      OX ;1,1,1,1,1,0,0,0,1
    XOOX ;0,1,1,1,0,0,0,0,1
  OOOXX X;2,0,0,0,0,0,0,1,0
    OX   ;1,4,3,0,0,0,0,1,1
   XOXO  ;1,0,1,0,0,0,0,1,1
 OXXOXO  ;0,0,0,0,0,0,0,1,1
O   O  XX;0,1,0,1,0,1,1,0,0
  O X    ;1,0,0,1,0,1,1,1,1
XOO X    ;0,0,0,1,0,1,0,1,1
    X  O ;1,1,0,1,0,1,1,0,1
  O X  OX;1,1,0,0,0,1,1,0,0
O  OOX XX;0,0,1,0,0,0,1,0,0
  X O    ;2,1,0,0,0,8,0,0,1
  XXOO   ;8,1,0,0,0,0,1,1,1
O XXOOX  ;0,4,0,0,0,0,0,1,1
OOXXOOXX ;0,0,0,0,0,0,0,0,4
    XO  X;0,0,0,0,0,0,0,0,0
  OOOX XX;1,0,0,0,0,0,1,0,0
  O O XX ;1,1,0,0,0,0,0,0,1
   OO XX ;0,0,0,0,0,7,0,0,1
   XOO  X;1,0,1,0,0,0,1,1,0
 O XOOX X;0,0,1,0,0,0,0,1,0
 O  O  XX;0,0,1,0,0,0,1,0,0
   XOOX  ;0,1,1,0,0,0,0,1,1
O  XOOX X;0,0,0,0,0,0,0,1,0
  O OX  X;1,4,0,1,0,0,1,1,0
 OO OX XX;4,0,0,1,0,0,1,0,0
     X   ;1,1,4,1,1,0,1,1,1
  O XXOX ;1,1,0,4,0,0,0,0,1
  OOXXOXX;4,1,0,0,0,0,0,0,0
 XO X    ;0,0,0,1,0,1,1,1,1
   XOO X ;1,1,0,0,0,0,1,0,1
  OXOOXX ;0,1,0,0,0,0,0,0,1
   OOX  X;1,1,1,0,0,0,0,1,0
   XO    ;1,1,2,0,0,1,1,7,1
  OXO X  ;1,1,0,0,0,2,0,1,1
  OXOOX X;2,1,0,0,0,0,0,1,0
OXOXOOX X;0,0,0,0,0,0,0,2,0
XO  X    ;0,0,0,0,0,1,1,1,1
 O XO  X ;2,0,1,0,0,1,1,0,1
OOXXO  X ;0,0,0,0,0,2,1,0,1
OOXXOO XX;0,0,0,0,0,0,5,0,0
   X     ;1,1,0,0,1,1,1,1,1
   XXO   ;1,2,1,0,0,0,1,0,1
 O XXO  X;2,0,1,0,0,0,1,1,0
OOXXXO  X;0,0,0,0,0,0,2,1,0
 X XO  O ;7,0,1,0,0,1,1,0,1
OXXXO  O ;0,0,0,0,0,4,1,0,1
OXXXOOXO ;0,0,0,0,0,0,0,0,4
    XX  O;1,1,0,1,0,0,1,1,0
O  OOXXX ;0,0,0,0,0,0,0,0,22
OXOOOXXX ;0,0,0,0,0,0,0,0,4
 XX O  O ;1,0,0,1,0,1,0,0,1
 XX O OOX;1,0,0,0,0,1,0,0,0
 O  O XX ;1,0,1,1,0,0,0,0,1
   OX    ;1,1,1,0,0,1,1,0,1
   OX XO ;1,1,1,0,0,0,0,0,1
O X O   X;0,1,0,1,0,1,2,1,0
O XXO O X;0,0,0,0,0,2,0,1,0
O XXOOOXX;0,7,0,0,0,0,0,0,0
O  XX    ;0,1,0,0,0,1,1,1,1
OXOXX    ;0,0,0,0,0,0,1,1,1
  O OX X ;1,1,0,0,0,0,1,0,1
  OOOXXX ;1,0,0,0,0,0,0,0,1
O  OOXX X;0,0,1,0,0,0,0,1,0
O   O X X;0,0,1,1,0,0,0,1,0
OOX O X X;0,0,0,1,0,0,0,1,0
 O OOX XX;0,0,0,0,0,0,1,0,0
  X O O X;0,0,0,1,0,20,0,1,0
  XXOOO X;5,13,0,0,0,0,0,1,0
 OXXOOOXX;13,0,0,0,0,0,0,0,0
O X X    ;0,0,0,0,0,0,1,1,1
  X OXO  ;1,1,0,0,0,0,0,1,1
  X O OX ;1,1,0,46,0,6,0,0,1
X XOO OX ;0,13,0,0,0,31,0,0,1
O   X   X;0,1,0,0,0,1,1,1,0
O  OX X X;0,1,1,0,0,0,0,1,0
OXO X X  ;0,0,0,1,0,1,0,2,1
OXO XXXO ;0,0,0,2,0,0,0,0,1
 O  OX X ;4,0,1,1,0,0,1,0,1
OO  OX XX;0,0,4,1,0,0,1,0,0
OXO X   X;0,0,0,0,0,1,0,1,0
 O  X X  ;0,0,1,1,0,1,0,1,1
  XOOX   ;1,1,0,0,0,0,0,1,1
X XOOXO  ;0,1,0,0,0,0,0,0,1
 OX X    ;0,0,0,1,0,0,0,1,1
X  OOXOX ;0,5,1,0,0,0,0,0,1
XOXOOXOX ;0,0,0,0,0,0,0,0,5
 X  O XO ;1,0,1,1,0,0,0,0,1
 X XOOXO ;1,0,0,0,0,0,0,0,1
  O X X  ;1,0,0,1,0,1,0,0,1
  O XXXO ;0,1,0,1,0,0,0,0,1
OX XOX O ;0,0,4,0,0,0,1,0,1
OXOXOXXO ;0,0,0,0,0,0,0,0,4
   OX   X;1,1,0,0,0,1,1,1,0
XOXOO OXX;0,0,0,0,0,10,0,0,0
  XXOOOX ;6,1,0,0,0,0,0,0,1
  O XX   ;1,1,0,1,0,0,1,0,1
   XXO OX;1,1,0,0,0,0,1,0,0
    XO X ;1,2,1,1,0,0,1,0,1
 OX XO X ;1,0,0,1,0,0,2,0,1
 OXXXOOX ;2,0,0,0,0,0,0,0,1
    X X O;0,0,1,0,0,0,0,1,0
X   O    ;0,5,8,1,0,1,0,1,1
XO  O  X ;0,0,1,1,0,5,1,0,1
XO  OOXX ;0,0,1,4,0,0,0,0,1
  X X   O;0,0,0,0,0,0,0,0,0
XOO X X  ;0,0,0,1,0,0,0,1,1
  XOX  XO;0,1,0,0,0,1,1,0,0
    X XO ;0,0,0,0,0,1,0,0,1
X O X XO ;0,0,0,1,0,1,0,0,1
X  OX    ;0,1,1,0,0,1,1,0,1
  XOX    ;0,0,0,0,0,0,1,1,1
  X XO   ;0,1,0,1,0,0,1,1,1
  X XOOX ;2,1,0,1,0,0,0,0,1
O XXXOOX ;0,2,0,0,0,0,0,0,1
 O OOXXX ;0,0,1,0,0,0,0,0,1
X   XO   ;0,1,0,1,0,0,1,1,1
X   O X O;0,0,0,1,0,1,0,1,0
X O OXX O;0,0,0,1,0,0,0,1,0
XO  O XXO;0,0,0,1,0,1,0,0,0
      X  ;0,1,1,1,1,1,0,0,1
OXOOOXX X;0,0,0,0,0,0,0,2,0
O   XOX X;0,0,1,1,0,0,0,1,0
O XXOO X ;0,2,0,0,0,0,1,0,1
OXXXOO   ;0,0,0,0,0,0,2,1,1
OXXXOOO X;0,0,0,0,0,0,0,3,0
 O  X   X;1,0,1,1,0,1,0,1,0
XO XOO X ;0,0,1,0,0,0,2,0,1
XOXXOOOX ;0,0,0,0,0,0,0,0,2
X   X O  ;0,0,1,0,0,1,0,0,1
 X OOXXO ;3,0,6,0,0,0,0,0,1
OX OOXXOX;0,0,3,0,0,0,0,0,0
  X X  O ;1,1,0,0,0,1,1,0,1
X O X    ;0,1,0,1,0,0,1,0,1
  X XOO X;1,1,0,0,0,0,0,1,0
X X O O  ;0,1,0,0,0,1,0,1,1
X O O X  ;0,1,0,2,0,7,0,1,1
X OOOXX  ;0,2,0,0,0,0,0,1,1
XOOOOXXX ;0,0,0,0,0,0,0,0,2
   OX  X ;1,1,0,0,0,1,1,0,1
  OOX X X;1,0,0,0,0,1,0,1,0
 XOOOXXOX;3,0,0,0,0,0,0,0,0
X  OOXXO ;0,7,1,0,0,0,0,0,1
  XOOXOX ;4,1,0,0,0,0,0,0,1
   XX   O;1,1,0,0,0,1,1,1,0
XXOOOXXO ;0,0,0,0,0,0,0,0,4
  OXX    ;1,1,0,0,0,1,1,0,1
  O X   X;0,1,0,0,0,0,1,1,0
OXOOX X X;0,0,0,0,0,0,0,1,0
  X X OXO;1,0,0,1,0,1,0,0,0
 OXXX OXO;0,0,0,0,0,1,0,0,0
OXXXOOOX ;0,0,0,0,0,0,0,0,4
O XXOO  X;0,3,0,0,0,0,1,1,0
 XX OOO X;1,0,0,4,0,0,0,1,0
 O  XX   ;0,0,1,1,0,0,1,1,1
   XO  X ;1,1,1,0,0,0,1,0,1
   XOOXX ;1,1,0,0,0,0,0,0,1
X O OOX X;0,1,0,7,0,0,0,1,0
    X OX ;1,1,0,1,0,1,0,0,1
OX  X    ;0,0,0,1,0,1,1,1,1
X O XX O ;0,1,0,1,0,0,0,0,1
XO OOXOXX;0,0,4,0,0,0,0,0,0
